2024-10-31 15:12:30.709621 DEBUG BF_SWITCHD bf_switchd: system services initialized
2024-10-31 15:12:30.709698 DEBUG BF_SWITCHD bf_switchd: loading conf_file /root/p7/p4src/multiprogram_custom_bfrt.conf...
2024-10-31 15:12:30.709744 DEBUG BF_SWITCHD bf_switchd: processing device configuration...
2024-10-31 15:12:30.709826 DEBUG BF_SWITCHD Configuration for dev_id 0
2024-10-31 15:12:30.709850 DEBUG BF_SWITCHD   Family        : Tofino
2024-10-31 15:12:30.709870 DEBUG BF_SWITCHD   pci_sysfs_str : /sys/devices/pci0000:00/0000:00:03.0/0000:05:00.0
2024-10-31 15:12:30.709891 DEBUG BF_SWITCHD   pci_int_mode  : 0
2024-10-31 15:12:30.709930 DEBUG BF_SWITCHD   sds_fw_path   : share/tofino_sds_fw/avago/firmware
2024-10-31 15:12:30.709950 DEBUG BF_SWITCHD bf_switchd: processing P4 configuration...
2024-10-31 15:12:30.710023 DEBUG BF_SWITCHD P4 profile for dev_id 0
2024-10-31 15:12:30.710045 DEBUG BF_SWITCHD num P4 programs 2
2024-10-31 15:12:30.710065 DEBUG BF_SWITCHD   p4_name: p7_polka
2024-10-31 15:12:30.710085 DEBUG BF_SWITCHD   p4_pipeline_name: pipe_p7
2024-10-31 15:12:30.710105 DEBUG BF_SWITCHD     libpd: 
2024-10-31 15:12:30.710125 DEBUG BF_SWITCHD     libpdthrift: 
2024-10-31 15:12:30.710144 DEBUG BF_SWITCHD     context: /root/bf-sde-9.13.1/install/share/tofinopd/p7_polka/pipe_p7/context.json
2024-10-31 15:12:30.710165 DEBUG BF_SWITCHD     config: /root/bf-sde-9.13.1/install/share/tofinopd/p7_polka/pipe_p7/tofino.bin
2024-10-31 15:12:30.710185 DEBUG BF_SWITCHD   Pipes in scope [
2024-10-31 15:12:30.710204 DEBUG BF_SWITCHD 1 
2024-10-31 15:12:30.710224 DEBUG BF_SWITCHD ]
2024-10-31 15:12:30.710252 DEBUG BF_SWITCHD   diag: 
2024-10-31 15:12:30.710272 DEBUG BF_SWITCHD   accton diag: 
2024-10-31 15:12:30.710292 DEBUG BF_SWITCHD   p4_name: p7calc_mod
2024-10-31 15:12:30.710312 DEBUG BF_SWITCHD   p4_pipeline_name: pipe
2024-10-31 15:12:30.710331 DEBUG BF_SWITCHD     libpd: 
2024-10-31 15:12:30.710351 DEBUG BF_SWITCHD     libpdthrift: 
2024-10-31 15:12:30.710371 DEBUG BF_SWITCHD     context: /root/bf-sde-9.13.1/install/share/tofinopd/p7calc_mod/pipe/context.json
2024-10-31 15:12:30.710391 DEBUG BF_SWITCHD     config: /root/bf-sde-9.13.1/install/share/tofinopd/p7calc_mod/pipe/tofino.bin
2024-10-31 15:12:30.710411 DEBUG BF_SWITCHD   Pipes in scope [
2024-10-31 15:12:30.710431 DEBUG BF_SWITCHD 0 
2024-10-31 15:12:30.710450 DEBUG BF_SWITCHD ]
2024-10-31 15:12:30.710469 DEBUG BF_SWITCHD   diag: 
2024-10-31 15:12:30.710489 DEBUG BF_SWITCHD   accton diag: 
2024-10-31 15:12:30.710509 DEBUG BF_SWITCHD   Agent[0]: /root/bf-sde-9.13.1/install/lib/libpltfm_mgr.so
2024-10-31 15:12:30.727430 DEBUG BF_SWITCHD bf_switchd: library /root/bf-sde-9.13.1/install/lib/libpltfm_mgr.so loaded
2024-10-31 15:12:30.728486 DEBUG BF_SWITCHD bf_switchd: agent[0] initialized
2024-10-31 15:12:30.728569 DEBUG BF_PLTFM Platform-mgr started 

2024-10-31 15:12:30.729201 DEBUG BF_PLTFM Checking path /tmp/.bf_platform_ufispace
2024-10-31 15:12:30.742313 DEBUG BF_PLTFM Checking path /sys/bus/i2c/devices/0-0053/eeprom
2024-10-31 15:12:30.753464 DEBUG BF_PLTFM Checking path /sys/bus/i2c/devices/0-0051/eeprom
2024-10-31 15:12:30.798152 DEBUG BF_PLTFM Checking path /sys/bus/i2c/devices/0-0055/eeprom
2024-10-31 15:12:30.876179 DEBUG BF_PLTFM The platform ufispace s9180_32x has been detected (3)
bd_id: 0x9180

2024-10-31 15:12:30.876391 DEBUG BF_PLTFM Parsing EEPROM DATA ...

2024-10-31 15:12:30.891406 INFO  BF_PLTFM The base mac addr is not match between system and eeprom

2024-10-31 15:12:30.891466 INFO  BF_PLTFM tlv_val_mac_base: 6c:ec:5a:3c:a8:fa

2024-10-31 15:12:30.891489 INFO  BF_PLTFM base_mac_addr: 00:00:00:00:00:00

2024-10-31 15:12:30.891619 DEBUG BF_PLTFM Ready to init qsfp on platform ufispace: 9180

2024-10-31 15:12:30.904664 DEBUG BF_PLTFM GPIO BASE is 512

2024-10-31 15:12:30.904874 DEBUG BF_PLTFM pltfm_mgr: health monitor initialized

2024-10-31 15:12:30.905318 DEBUG BF_PLTFM num of QSFP ports=34
2024-10-31 15:12:30.905370 DEBUG BF_PLTFM QSFP: Assert RESETL on all QSFPs
2024-10-31 15:12:30.905416 DEBUG BF_PLTFM QSFP     1 : RESETL = true
2024-10-31 15:12:30.905443 DEBUG BF_PLTFM QSFP     1 : True
2024-10-31 15:12:30.906563 DEBUG BF_PLTFM QSFP     2 : RESETL = true
2024-10-31 15:12:30.906615 DEBUG BF_PLTFM QSFP     2 : True
2024-10-31 15:12:30.907662 DEBUG BF_PLTFM QSFP     3 : RESETL = true
2024-10-31 15:12:30.907718 DEBUG BF_PLTFM QSFP     3 : True
2024-10-31 15:12:30.908785 DEBUG BF_PLTFM QSFP     4 : RESETL = true
2024-10-31 15:12:30.908838 DEBUG BF_PLTFM QSFP     4 : True
2024-10-31 15:12:30.909985 DEBUG BF_PLTFM QSFP     5 : RESETL = true
2024-10-31 15:12:30.910038 DEBUG BF_PLTFM QSFP     5 : True
2024-10-31 15:12:30.911058 DEBUG BF_PLTFM QSFP     6 : RESETL = true
2024-10-31 15:12:30.911086 DEBUG BF_PLTFM QSFP     6 : True
2024-10-31 15:12:30.912140 DEBUG BF_PLTFM QSFP     7 : RESETL = true
2024-10-31 15:12:30.912195 DEBUG BF_PLTFM QSFP     7 : True
2024-10-31 15:12:30.913228 DEBUG BF_PLTFM QSFP     8 : RESETL = true
2024-10-31 15:12:30.913257 DEBUG BF_PLTFM QSFP     8 : True
2024-10-31 15:12:30.914285 DEBUG BF_PLTFM QSFP     9 : RESETL = true
2024-10-31 15:12:30.914312 DEBUG BF_PLTFM QSFP     9 : True
2024-10-31 15:12:30.915370 DEBUG BF_PLTFM QSFP    10 : RESETL = true
2024-10-31 15:12:30.915422 DEBUG BF_PLTFM QSFP    10 : True
2024-10-31 15:12:30.916476 DEBUG BF_PLTFM QSFP    11 : RESETL = true
2024-10-31 15:12:30.916530 DEBUG BF_PLTFM QSFP    11 : True
2024-10-31 15:12:30.917561 DEBUG BF_PLTFM QSFP    12 : RESETL = true
2024-10-31 15:12:30.917590 DEBUG BF_PLTFM QSFP    12 : True
2024-10-31 15:12:30.918614 DEBUG BF_PLTFM QSFP    13 : RESETL = true
2024-10-31 15:12:30.918642 DEBUG BF_PLTFM QSFP    13 : True
2024-10-31 15:12:30.919665 DEBUG BF_PLTFM QSFP    14 : RESETL = true
2024-10-31 15:12:30.919689 DEBUG BF_PLTFM QSFP    14 : True
2024-10-31 15:12:30.920685 DEBUG BF_PLTFM QSFP    15 : RESETL = true
2024-10-31 15:12:30.920706 DEBUG BF_PLTFM QSFP    15 : True
2024-10-31 15:12:30.921701 DEBUG BF_PLTFM QSFP    16 : RESETL = true
2024-10-31 15:12:30.921728 DEBUG BF_PLTFM QSFP    16 : True
2024-10-31 15:12:30.922742 DEBUG BF_PLTFM QSFP    17 : RESETL = true
2024-10-31 15:12:30.922769 DEBUG BF_PLTFM QSFP    17 : True
2024-10-31 15:12:30.923781 DEBUG BF_PLTFM QSFP    18 : RESETL = true
2024-10-31 15:12:30.923812 DEBUG BF_PLTFM QSFP    18 : True
2024-10-31 15:12:30.924839 DEBUG BF_PLTFM QSFP    19 : RESETL = true
2024-10-31 15:12:30.924866 DEBUG BF_PLTFM QSFP    19 : True
2024-10-31 15:12:30.925898 DEBUG BF_PLTFM QSFP    20 : RESETL = true
2024-10-31 15:12:30.925928 DEBUG BF_PLTFM QSFP    20 : True
2024-10-31 15:12:30.926971 DEBUG BF_PLTFM QSFP    21 : RESETL = true
2024-10-31 15:12:30.927003 DEBUG BF_PLTFM QSFP    21 : True
2024-10-31 15:12:30.928071 DEBUG BF_PLTFM QSFP    22 : RESETL = true
2024-10-31 15:12:30.928126 DEBUG BF_PLTFM QSFP    22 : True
2024-10-31 15:12:30.929160 DEBUG BF_PLTFM QSFP    23 : RESETL = true
2024-10-31 15:12:30.929189 DEBUG BF_PLTFM QSFP    23 : True
2024-10-31 15:12:30.930227 DEBUG BF_PLTFM QSFP    24 : RESETL = true
2024-10-31 15:12:30.930254 DEBUG BF_PLTFM QSFP    24 : True
2024-10-31 15:12:30.931297 DEBUG BF_PLTFM QSFP    25 : RESETL = true
2024-10-31 15:12:30.931324 DEBUG BF_PLTFM QSFP    25 : True
2024-10-31 15:12:30.932335 DEBUG BF_PLTFM QSFP    26 : RESETL = true
2024-10-31 15:12:30.932364 DEBUG BF_PLTFM QSFP    26 : True
2024-10-31 15:12:30.933394 DEBUG BF_PLTFM QSFP    27 : RESETL = true
2024-10-31 15:12:30.933421 DEBUG BF_PLTFM QSFP    27 : True
2024-10-31 15:12:30.934449 DEBUG BF_PLTFM QSFP    28 : RESETL = true
2024-10-31 15:12:30.934476 DEBUG BF_PLTFM QSFP    28 : True
2024-10-31 15:12:30.935506 DEBUG BF_PLTFM QSFP    29 : RESETL = true
2024-10-31 15:12:30.935533 DEBUG BF_PLTFM QSFP    29 : True
2024-10-31 15:12:30.936612 DEBUG BF_PLTFM QSFP    30 : RESETL = true
2024-10-31 15:12:30.936643 DEBUG BF_PLTFM QSFP    30 : True
2024-10-31 15:12:30.937671 DEBUG BF_PLTFM QSFP    31 : RESETL = true
2024-10-31 15:12:30.937698 DEBUG BF_PLTFM QSFP    31 : True
2024-10-31 15:12:30.938727 DEBUG BF_PLTFM QSFP    32 : RESETL = true
2024-10-31 15:12:30.938754 DEBUG BF_PLTFM QSFP    32 : True
2024-10-31 15:12:30.939763 DEBUG BF_PLTFM QSFP    33 : RESETL = true
2024-10-31 15:12:30.939812 DEBUG BF_PLTFM QSFP    33 : True
2024-10-31 15:12:30.939833 DEBUG BF_PLTFM QSFP    34 : RESETL = true
2024-10-31 15:12:30.939851 DEBUG BF_PLTFM QSFP    34 : True
2024-10-31 15:12:30.940966 DEBUG BF_PLTFM QSFP: Assert LPMODE and De-assert RESETL on all QSFPs
2024-10-31 15:12:30.940996 DEBUG BF_PLTFM QSFP     1 : LPMODE = true
2024-10-31 15:12:30.942065 DEBUG BF_PLTFM QSFP     1 : RESETL = false
2024-10-31 15:12:30.942118 DEBUG BF_PLTFM QSFP     1 : False
2024-10-31 15:12:30.943164 DEBUG BF_PLTFM QSFP     2 : LPMODE = true
2024-10-31 15:12:30.944232 DEBUG BF_PLTFM QSFP     2 : RESETL = false
2024-10-31 15:12:30.944288 DEBUG BF_PLTFM QSFP     2 : False
2024-10-31 15:12:30.945316 DEBUG BF_PLTFM QSFP     3 : LPMODE = true
2024-10-31 15:12:30.946361 DEBUG BF_PLTFM QSFP     3 : RESETL = false
2024-10-31 15:12:30.946389 DEBUG BF_PLTFM QSFP     3 : False
2024-10-31 15:12:30.947441 DEBUG BF_PLTFM QSFP     4 : LPMODE = true
2024-10-31 15:12:30.948518 DEBUG BF_PLTFM QSFP     4 : RESETL = false
2024-10-31 15:12:30.948574 DEBUG BF_PLTFM QSFP     4 : False
2024-10-31 15:12:30.949622 DEBUG BF_PLTFM QSFP     5 : LPMODE = true
2024-10-31 15:12:30.950664 DEBUG BF_PLTFM QSFP     5 : RESETL = false
2024-10-31 15:12:30.950691 DEBUG BF_PLTFM QSFP     5 : False
2024-10-31 15:12:30.951697 DEBUG BF_PLTFM QSFP     6 : LPMODE = true
2024-10-31 15:12:30.952719 DEBUG BF_PLTFM QSFP     6 : RESETL = false
2024-10-31 15:12:30.952746 DEBUG BF_PLTFM QSFP     6 : False
2024-10-31 15:12:30.953774 DEBUG BF_PLTFM QSFP     7 : LPMODE = true
2024-10-31 15:12:30.954808 DEBUG BF_PLTFM QSFP     7 : RESETL = false
2024-10-31 15:12:30.954835 DEBUG BF_PLTFM QSFP     7 : False
2024-10-31 15:12:30.955844 DEBUG BF_PLTFM QSFP     8 : LPMODE = true
2024-10-31 15:12:30.956866 DEBUG BF_PLTFM QSFP     8 : RESETL = false
2024-10-31 15:12:30.956894 DEBUG BF_PLTFM QSFP     8 : False
2024-10-31 15:12:30.957921 DEBUG BF_PLTFM QSFP     9 : LPMODE = true
2024-10-31 15:12:30.959000 DEBUG BF_PLTFM QSFP     9 : RESETL = false
2024-10-31 15:12:30.959053 DEBUG BF_PLTFM QSFP     9 : False
2024-10-31 15:12:30.960110 DEBUG BF_PLTFM QSFP    10 : LPMODE = true
2024-10-31 15:12:30.961177 DEBUG BF_PLTFM QSFP    10 : RESETL = false
2024-10-31 15:12:30.961207 DEBUG BF_PLTFM QSFP    10 : False
2024-10-31 15:12:30.962237 DEBUG BF_PLTFM QSFP    11 : LPMODE = true
2024-10-31 15:12:30.963274 DEBUG BF_PLTFM QSFP    11 : RESETL = false
2024-10-31 15:12:30.963301 DEBUG BF_PLTFM QSFP    11 : False
2024-10-31 15:12:30.964346 DEBUG BF_PLTFM QSFP    12 : LPMODE = true
2024-10-31 15:12:30.965385 DEBUG BF_PLTFM QSFP    12 : RESETL = false
2024-10-31 15:12:30.965412 DEBUG BF_PLTFM QSFP    12 : False
2024-10-31 15:12:30.966436 DEBUG BF_PLTFM QSFP    13 : LPMODE = true
2024-10-31 15:12:30.967472 DEBUG BF_PLTFM QSFP    13 : RESETL = false
2024-10-31 15:12:30.967499 DEBUG BF_PLTFM QSFP    13 : False
2024-10-31 15:12:30.968528 DEBUG BF_PLTFM QSFP    14 : LPMODE = true
2024-10-31 15:12:30.969608 DEBUG BF_PLTFM QSFP    14 : RESETL = false
2024-10-31 15:12:30.969638 DEBUG BF_PLTFM QSFP    14 : False
2024-10-31 15:12:30.970671 DEBUG BF_PLTFM QSFP    15 : LPMODE = true
2024-10-31 15:12:30.971689 DEBUG BF_PLTFM QSFP    15 : RESETL = false
2024-10-31 15:12:30.971720 DEBUG BF_PLTFM QSFP    15 : False
2024-10-31 15:12:30.972748 DEBUG BF_PLTFM QSFP    16 : LPMODE = true
2024-10-31 15:12:30.973785 DEBUG BF_PLTFM QSFP    16 : RESETL = false
2024-10-31 15:12:30.973812 DEBUG BF_PLTFM QSFP    16 : False
2024-10-31 15:12:30.974839 DEBUG BF_PLTFM QSFP    17 : LPMODE = true
2024-10-31 15:12:30.975897 DEBUG BF_PLTFM QSFP    17 : RESETL = false
2024-10-31 15:12:30.975928 DEBUG BF_PLTFM QSFP    17 : False
2024-10-31 15:12:30.976962 DEBUG BF_PLTFM QSFP    18 : LPMODE = true
2024-10-31 15:12:30.977995 DEBUG BF_PLTFM QSFP    18 : RESETL = false
2024-10-31 15:12:30.978022 DEBUG BF_PLTFM QSFP    18 : False
2024-10-31 15:12:30.979049 DEBUG BF_PLTFM QSFP    19 : LPMODE = true
2024-10-31 15:12:30.980104 DEBUG BF_PLTFM QSFP    19 : RESETL = false
2024-10-31 15:12:30.980159 DEBUG BF_PLTFM QSFP    19 : False
2024-10-31 15:12:30.981194 DEBUG BF_PLTFM QSFP    20 : LPMODE = true
2024-10-31 15:12:30.982255 DEBUG BF_PLTFM QSFP    20 : RESETL = false
2024-10-31 15:12:30.982285 DEBUG BF_PLTFM QSFP    20 : False
2024-10-31 15:12:30.983314 DEBUG BF_PLTFM QSFP    21 : LPMODE = true
2024-10-31 15:12:30.984332 DEBUG BF_PLTFM QSFP    21 : RESETL = false
2024-10-31 15:12:30.984362 DEBUG BF_PLTFM QSFP    21 : False
2024-10-31 15:12:30.985393 DEBUG BF_PLTFM QSFP    22 : LPMODE = true
2024-10-31 15:12:30.986428 DEBUG BF_PLTFM QSFP    22 : RESETL = false
2024-10-31 15:12:30.986456 DEBUG BF_PLTFM QSFP    22 : False
2024-10-31 15:12:30.987482 DEBUG BF_PLTFM QSFP    23 : LPMODE = true
2024-10-31 15:12:30.988498 DEBUG BF_PLTFM QSFP    23 : RESETL = false
2024-10-31 15:12:30.988529 DEBUG BF_PLTFM QSFP    23 : False
2024-10-31 15:12:30.989559 DEBUG BF_PLTFM QSFP    24 : LPMODE = true
2024-10-31 15:12:30.990595 DEBUG BF_PLTFM QSFP    24 : RESETL = false
2024-10-31 15:12:30.990623 DEBUG BF_PLTFM QSFP    24 : False
2024-10-31 15:12:30.991639 DEBUG BF_PLTFM QSFP    25 : LPMODE = true
2024-10-31 15:12:30.992677 DEBUG BF_PLTFM QSFP    25 : RESETL = false
2024-10-31 15:12:30.992704 DEBUG BF_PLTFM QSFP    25 : False
2024-10-31 15:12:30.993730 DEBUG BF_PLTFM QSFP    26 : LPMODE = true
2024-10-31 15:12:30.994767 DEBUG BF_PLTFM QSFP    26 : RESETL = false
2024-10-31 15:12:30.994794 DEBUG BF_PLTFM QSFP    26 : False
2024-10-31 15:12:30.995804 DEBUG BF_PLTFM QSFP    27 : LPMODE = true
2024-10-31 15:12:30.996841 DEBUG BF_PLTFM QSFP    27 : RESETL = false
2024-10-31 15:12:30.996869 DEBUG BF_PLTFM QSFP    27 : False
2024-10-31 15:12:30.997898 DEBUG BF_PLTFM QSFP    28 : LPMODE = true
2024-10-31 15:12:30.998934 DEBUG BF_PLTFM QSFP    28 : RESETL = false
2024-10-31 15:12:30.998961 DEBUG BF_PLTFM QSFP    28 : False
2024-10-31 15:12:31.000014 DEBUG BF_PLTFM QSFP    29 : LPMODE = true
2024-10-31 15:12:31.001091 DEBUG BF_PLTFM QSFP    29 : RESETL = false
2024-10-31 15:12:31.001121 DEBUG BF_PLTFM QSFP    29 : False
2024-10-31 15:12:31.002151 DEBUG BF_PLTFM QSFP    30 : LPMODE = true
2024-10-31 15:12:31.003191 DEBUG BF_PLTFM QSFP    30 : RESETL = false
2024-10-31 15:12:31.003218 DEBUG BF_PLTFM QSFP    30 : False
2024-10-31 15:12:31.004276 DEBUG BF_PLTFM QSFP    31 : LPMODE = true
2024-10-31 15:12:31.005355 DEBUG BF_PLTFM QSFP    31 : RESETL = false
2024-10-31 15:12:31.005384 DEBUG BF_PLTFM QSFP    31 : False
2024-10-31 15:12:31.006417 DEBUG BF_PLTFM QSFP    32 : LPMODE = true
2024-10-31 15:12:31.007453 DEBUG BF_PLTFM QSFP    32 : RESETL = false
2024-10-31 15:12:31.007480 DEBUG BF_PLTFM QSFP    32 : False
2024-10-31 15:12:31.008513 DEBUG BF_PLTFM QSFP    33 : LPMODE = true
2024-10-31 15:12:31.008568 DEBUG BF_PLTFM QSFP    33 : RESETL = false
2024-10-31 15:12:31.008589 DEBUG BF_PLTFM QSFP    33 : False
2024-10-31 15:12:31.008609 DEBUG BF_PLTFM QSFP    34 : LPMODE = true
2024-10-31 15:12:31.008628 DEBUG BF_PLTFM QSFP    34 : RESETL = false
2024-10-31 15:12:31.008646 DEBUG BF_PLTFM QSFP    34 : False
2024-10-31 15:12:31.008665 DEBUG BF_PLTFM QSFP: Wait 2 sec (t_reset) for QSFPs to initialize..
2024-10-31 15:12:33.009071 DEBUG BF_SWITCHD Device 0: Operational mode set to ASIC
2024-10-31 15:12:33.009166 DEBUG BF_SWITCHD Initialized the device types using platforms infra API
2024-10-31 15:12:33.009202 DEBUG BF_SWITCHD ASIC detected at PCI /sys/class/bf/bf0/device
2024-10-31 15:12:33.009287 DEBUG BF_SWITCHD ASIC pci device id is 16 (0x0010)
2024-10-31 15:12:33.009356 DEBUG BF_DVM BF-SDE vesion: 9.13.1
2024-10-31 15:12:33.022047 INFO  BF_PM pm_fsm_queues_init:340 pm_fsm_queues_init:340 Initializing all FSM queues
2024-10-31 15:12:33.022137 INFO  BF_PM pm_fsm_queues_init:346 pm_fsm_queues_init:346 Initializing all FSM queues done
2024-10-31 15:12:33.022275 INFO  BF_TM TM: Registered for device and port discovery
2024-10-31 15:12:33.024539 DEBUG BF_SWITCHD bf_switchd: drivers initialized
2024-10-31 15:12:33.047801 INFO  BF_DVM bf_pktmgr_device_add dev id 0, is_sw_model 0
2024-10-31 15:12:33.048202 DEBUG BF_LLD  Efuse settings dev 0 subdev 0
2024-10-31 15:12:33.048216 DEBUG BF_LLD                0 : resubmit_disable
2024-10-31 15:12:33.048236 DEBUG BF_LLD                0 : mau_tcam_reduction
2024-10-31 15:12:33.048244 DEBUG BF_LLD                0 : mau_sram_reduction
2024-10-31 15:12:33.048252 DEBUG BF_LLD                0 : packet_generator_disable
2024-10-31 15:12:33.048260 DEBUG BF_LLD                6 : pipe_disable
2024-10-31 15:12:33.048270 DEBUG BF_LLD                0 : mau_stage_disable
2024-10-31 15:12:33.048276 DEBUG BF_LLD 0000000000000000 : port_disable (hi)
2024-10-31 15:12:33.048284 DEBUG BF_LLD 5555555555555555 : port_disable (lo)
2024-10-31 15:12:33.048291 DEBUG BF_LLD 0000000600000000 : tm_memory_disable
2024-10-31 15:12:33.048299 DEBUG BF_LLD                0 : port_speed_reduction
2024-10-31 15:12:33.048307 DEBUG BF_LLD                0 : cpu_port_speed_reduction
2024-10-31 15:12:33.048315 DEBUG BF_LLD                0 : pcie_lane_reduction
2024-10-31 15:12:33.048326 DEBUG BF_LLD                0 : baresync_disable
2024-10-31 15:12:33.048338 DEBUG BF_LLD                0 : frequency_reduction
2024-10-31 15:12:33.048346 DEBUG BF_LLD                0 : frequency_check_disable
2024-10-31 15:12:33.048353 DEBUG BF_LLD                0 : versioning
2024-10-31 15:12:33.048363 DEBUG BF_LLD                8 : chip_part_number
2024-10-31 15:12:33.048371 DEBUG BF_LLD                1 : part_revision_number
2024-10-31 15:12:33.048379 DEBUG BF_LLD                0 : package_id
2024-10-31 15:12:33.048387 DEBUG BF_LLD 0810707161385c85 : chip_id
2024-10-31 15:12:33.048395 DEBUG BF_LLD              4fc : pmro_and_skew
2024-10-31 15:12:33.048402 DEBUG BF_LLD                3 : voltage_scaling
2024-10-31 15:12:33.048410 DEBUG BF_LLD                0 : die-config
2024-10-31 15:12:33.048418 DEBUG BF_LLD                0 : constant0
2024-10-31 15:12:33.048425 DEBUG BF_LLD                0 : constant1
2024-10-31 15:12:33.048433 DEBUG BF_LLD                0 : serdes disable even
2024-10-31 15:12:33.048440 DEBUG BF_LLD                0 : serdes disable odd
2024-10-31 15:12:33.048452 DEBUG BF_LLD Wafer-id: PNCH48-W7-X4-Y8
2024-10-31 15:12:33.048463 DEBUG BF_LLD dev 0 subdev 0: SPI idcode: 20180202 (rc=0)
2024-10-31 15:12:33.048475 DEBUG BF_LLD TCU: 0 : Memory repair already done <bfdddddd>
2024-10-31 15:12:33.048828 DEBUG BF_LLD EFUSE: Set core clk to 1.22GHz, dev=0, PLL ctrl0 value=0xcd44cbfe
2024-10-31 15:12:33.158640 DEBUG BF_LLD Core PLL has not locked even after 100 ms; PLL Lock chip 0 dbg_rst 1dc
2024-10-31 15:12:33.158688 DEBUG BF_LLD [Unreset] Done after 1 polls
2024-10-31 15:12:33.175709 INFO  BF_DVM bf_device_add dev id 0, is_sw_model 0
2024-10-31 15:12:33.175764 DEBUG BF_PORT port_mgr_dev_add:57:0:0(warm_init_mode)
2024-10-31 15:12:33.175779 DEBUG BF_PORT port_mgr_tof1_dev_add:76:0
2024-10-31 15:12:33.175804 INFO  BF_PORT set chip part revision number, dev 0, part rev 1
2024-10-31 15:12:33.175859 DEBUG BF_PORT 0:-:-: sbus master fw: 101d_2001
2024-10-31 15:12:33.175869 DEBUG BF_PORT 0:-:-: PCIe serdes fw: 1066_2147
2024-10-31 15:12:33.175876 DEBUG BF_PORT 0:-:-:      serdes fw: 1091_244d
2024-10-31 15:12:33.175893 INFO  BF_PORT port_mgr_mac_block_init: core clock speed in ns = 0.819672
2024-10-31 15:12:33.178455 DEBUG BF_PORT SDS: SBMs disabled. No FW upload
2024-10-31 15:12:33.178570 DEBUG BF_PORT SDS: SBus CLK divider set to 5 (x32 mode)
2024-10-31 15:12:33.178583 DEBUG BF_PORT SDS: 0:0:3: Set ignore bcast
2024-10-31 15:12:33.178594 DEBUG BF_PORT 0:0:3 : PCIe access : addr=3h : reg=fdh : cmd=Read
2024-10-31 15:12:33.178657 DEBUG BF_PORT 0:0:3 : PCIe access : addr=3h : reg=fdh : cmd=write
2024-10-31 15:12:33.178726 DEBUG BF_PORT SDS: 0:0:5: Set ignore bcast
2024-10-31 15:12:33.178734 DEBUG BF_PORT 0:0:5 : PCIe access : addr=5h : reg=fdh : cmd=Read
2024-10-31 15:12:33.178796 DEBUG BF_PORT 0:0:5 : PCIe access : addr=5h : reg=fdh : cmd=write
2024-10-31 15:12:33.178854 DEBUG BF_PORT SDS: 0:0:7: Set ignore bcast
2024-10-31 15:12:33.178862 DEBUG BF_PORT 0:0:7 : PCIe access : addr=7h : reg=fdh : cmd=Read
2024-10-31 15:12:33.178923 DEBUG BF_PORT 0:0:7 : PCIe access : addr=7h : reg=fdh : cmd=write
2024-10-31 15:12:33.178981 DEBUG BF_PORT SDS: 0:0:9: Set ignore bcast
2024-10-31 15:12:33.179002 DEBUG BF_PORT 0:0:9 : PCIe access : addr=9h : reg=fdh : cmd=Read
2024-10-31 15:12:33.179064 DEBUG BF_PORT 0:0:9 : PCIe access : addr=9h : reg=fdh : cmd=write
2024-10-31 15:12:33.186016 DEBUG BF_PORT SDS: 0:0:255: FW load: broadcast
2024-10-31 15:12:33.186028 DEBUG BF_PORT SDS:         : FW path: /root/bf-sde-9.13.1/install/share/tofino_sds_fw/avago/firmware/serdes.0x1091_244D.rom
2024-10-31 15:12:33.186035 DEBUG BF_PORT SDS:         : FW ver : 1091
2024-10-31 15:12:33.187664 DEBUG BF_PORT 0:0:1 : PCIe access : addr=1h : reg=ffh : cmd=Read
2024-10-31 15:12:33.187734 DEBUG BF_PORT 0:0:2 : PCIe access : addr=2h : reg=ffh : cmd=Read
2024-10-31 15:12:33.187796 DEBUG BF_PORT 0:0:3 : PCIe access : addr=3h : reg=ffh : cmd=Read
2024-10-31 15:12:33.187860 DEBUG BF_PORT 0:0:3 : Errant PCIe access : addr=3h : reg=0h : cmd=Read
2024-10-31 15:12:33.187869 DEBUG BF_PORT 0:0:3 : Errant PCIe access : addr=3h : reg=1h : cmd=write
2024-10-31 15:12:33.187877 DEBUG BF_PORT 0:0:3 : PCIe access : addr=3h : reg=fdh : cmd=Read
2024-10-31 15:12:33.187941 DEBUG BF_PORT 0:0:4 : PCIe access : addr=4h : reg=ffh : cmd=Read
2024-10-31 15:12:33.188005 DEBUG BF_PORT 0:0:5 : PCIe access : addr=5h : reg=ffh : cmd=Read
2024-10-31 15:12:33.188067 DEBUG BF_PORT 0:0:5 : Errant PCIe access : addr=5h : reg=0h : cmd=Read
2024-10-31 15:12:33.188075 DEBUG BF_PORT 0:0:5 : Errant PCIe access : addr=5h : reg=1h : cmd=write
2024-10-31 15:12:33.188083 DEBUG BF_PORT 0:0:5 : PCIe access : addr=5h : reg=fdh : cmd=Read
2024-10-31 15:12:33.188145 DEBUG BF_PORT 0:0:6 : PCIe access : addr=6h : reg=ffh : cmd=Read
2024-10-31 15:12:33.188207 DEBUG BF_PORT 0:0:7 : PCIe access : addr=7h : reg=ffh : cmd=Read
2024-10-31 15:12:33.188270 DEBUG BF_PORT 0:0:7 : Errant PCIe access : addr=7h : reg=0h : cmd=Read
2024-10-31 15:12:33.188283 DEBUG BF_PORT 0:0:7 : Errant PCIe access : addr=7h : reg=1h : cmd=write
2024-10-31 15:12:33.188292 DEBUG BF_PORT 0:0:7 : PCIe access : addr=7h : reg=fdh : cmd=Read
2024-10-31 15:12:33.188354 DEBUG BF_PORT 0:0:8 : PCIe access : addr=8h : reg=ffh : cmd=Read
2024-10-31 15:12:33.188416 DEBUG BF_PORT 0:0:9 : PCIe access : addr=9h : reg=ffh : cmd=Read
2024-10-31 15:12:33.188479 DEBUG BF_PORT 0:0:9 : Errant PCIe access : addr=9h : reg=0h : cmd=Read
2024-10-31 15:12:33.188487 DEBUG BF_PORT 0:0:9 : Errant PCIe access : addr=9h : reg=1h : cmd=write
2024-10-31 15:12:33.188494 DEBUG BF_PORT 0:0:9 : PCIe access : addr=9h : reg=fdh : cmd=Read
2024-10-31 15:12:33.188557 DEBUG BF_PORT 0:0:10 : PCIe access : addr=ah : reg=ffh : cmd=Read
2024-10-31 15:12:33.684387 DEBUG BF_PORT 0:0:3 : PCIe access : addr=3h : reg=fdh : cmd=Read
2024-10-31 15:12:33.684454 DEBUG BF_PORT 0:0:5 : PCIe access : addr=5h : reg=fdh : cmd=Read
2024-10-31 15:12:33.684516 DEBUG BF_PORT 0:0:7 : PCIe access : addr=7h : reg=fdh : cmd=Read
2024-10-31 15:12:33.684578 DEBUG BF_PORT 0:0:9 : PCIe access : addr=9h : reg=fdh : cmd=Read
2024-10-31 15:12:34.184037 DEBUG BF_PORT SDS: 0:1:255: FW load: broadcast
2024-10-31 15:12:34.184054 DEBUG BF_PORT SDS:         : FW path: /root/bf-sde-9.13.1/install/share/tofino_sds_fw/avago/firmware/serdes.0x1091_244D.rom
2024-10-31 15:12:34.184060 DEBUG BF_PORT SDS:         : FW ver : 1091
2024-10-31 15:12:37.136875 INFO  BF_MC Allocated RDM addresses 0x200 - 0x303
2024-10-31 15:12:37.136935 INFO  BF_MC Write LAG node at addr 0x200 with id 255 and next node 0x201 0x0000_00000000ff00201c
2024-10-31 15:12:37.136945 INFO  BF_MC Write LAG node at addr 0x201 with id 255 and next node 0x202 0x00ff_00202c00ff00201c
2024-10-31 15:12:37.136952 INFO  BF_MC Write LAG node at addr 0x202 with id 255 and next node 0x203 0x0000_00000000ff00203c
2024-10-31 15:12:37.136959 INFO  BF_MC Write LAG node at addr 0x203 with id 255 and next node 0x204 0x00ff_00204c00ff00203c
2024-10-31 15:12:37.136965 INFO  BF_MC Write LAG node at addr 0x204 with id 255 and next node 0x205 0x0000_00000000ff00205c
2024-10-31 15:12:37.136984 INFO  BF_MC Write LAG node at addr 0x205 with id 255 and next node 0x206 0x00ff_00206c00ff00205c
2024-10-31 15:12:37.137000 INFO  BF_MC Write LAG node at addr 0x206 with id 255 and next node 0x207 0x0000_00000000ff00207c
2024-10-31 15:12:37.137007 INFO  BF_MC Write LAG node at addr 0x207 with id 255 and next node 0x208 0x00ff_00208c00ff00207c
2024-10-31 15:12:37.137014 INFO  BF_MC Write LAG node at addr 0x208 with id 255 and next node 0x209 0x0000_00000000ff00209c
2024-10-31 15:12:37.137020 INFO  BF_MC Write LAG node at addr 0x209 with id 255 and next node 0x20a 0x00ff_0020ac00ff00209c
2024-10-31 15:12:37.137026 INFO  BF_MC Write LAG node at addr 0x20a with id 255 and next node 0x20b 0x0000_00000000ff0020bc
2024-10-31 15:12:37.137033 INFO  BF_MC Write LAG node at addr 0x20b with id 255 and next node 0x20c 0x00ff_0020cc00ff0020bc
2024-10-31 15:12:37.137039 INFO  BF_MC Write LAG node at addr 0x20c with id 255 and next node 0x20d 0x0000_00000000ff0020dc
2024-10-31 15:12:37.137045 INFO  BF_MC Write LAG node at addr 0x20d with id 255 and next node 0x20e 0x00ff_0020ec00ff0020dc
2024-10-31 15:12:37.137052 INFO  BF_MC Write LAG node at addr 0x20e with id 255 and next node 0x20f 0x0000_00000000ff0020fc
2024-10-31 15:12:37.137070 INFO  BF_MC Write LAG node at addr 0x20f with id 255 and next node 0x210 0x00ff_00210c00ff0020fc
2024-10-31 15:12:37.137076 INFO  BF_MC Write LAG node at addr 0x210 with id 255 and next node 0x211 0x0000_00000000ff00211c
2024-10-31 15:12:37.137083 INFO  BF_MC Write LAG node at addr 0x211 with id 255 and next node 0x212 0x00ff_00212c00ff00211c
2024-10-31 15:12:37.137090 INFO  BF_MC Write LAG node at addr 0x212 with id 255 and next node 0x213 0x0000_00000000ff00213c
2024-10-31 15:12:37.137096 INFO  BF_MC Write LAG node at addr 0x213 with id 255 and next node 0x214 0x00ff_00214c00ff00213c
2024-10-31 15:12:37.137103 INFO  BF_MC Write LAG node at addr 0x214 with id 255 and next node 0x215 0x0000_00000000ff00215c
2024-10-31 15:12:37.137109 INFO  BF_MC Write LAG node at addr 0x215 with id 255 and next node 0x216 0x00ff_00216c00ff00215c
2024-10-31 15:12:37.137116 INFO  BF_MC Write LAG node at addr 0x216 with id 255 and next node 0x217 0x0000_00000000ff00217c
2024-10-31 15:12:37.137122 INFO  BF_MC Write LAG node at addr 0x217 with id 255 and next node 0x218 0x00ff_00218c00ff00217c
2024-10-31 15:12:37.137129 INFO  BF_MC Write LAG node at addr 0x218 with id 255 and next node 0x219 0x0000_00000000ff00219c
2024-10-31 15:12:37.137136 INFO  BF_MC Write LAG node at addr 0x219 with id 255 and next node 0x21a 0x00ff_0021ac00ff00219c
2024-10-31 15:12:37.137142 INFO  BF_MC Write LAG node at addr 0x21a with id 255 and next node 0x21b 0x0000_00000000ff0021bc
2024-10-31 15:12:37.137149 INFO  BF_MC Write LAG node at addr 0x21b with id 255 and next node 0x21c 0x00ff_0021cc00ff0021bc
2024-10-31 15:12:37.137156 INFO  BF_MC Write LAG node at addr 0x21c with id 255 and next node 0x21d 0x0000_00000000ff0021dc
2024-10-31 15:12:37.137163 INFO  BF_MC Write LAG node at addr 0x21d with id 255 and next node 0x21e 0x00ff_0021ec00ff0021dc
2024-10-31 15:12:37.137171 INFO  BF_MC Write LAG node at addr 0x21e with id 255 and next node 0x21f 0x0000_00000000ff0021fc
2024-10-31 15:12:37.137182 INFO  BF_MC Write LAG node at addr 0x21f with id 255 and next node 0x220 0x00ff_00220c00ff0021fc
2024-10-31 15:12:37.137189 INFO  BF_MC Write LAG node at addr 0x220 with id 255 and next node 0x221 0x0000_00000000ff00221c
2024-10-31 15:12:37.137195 INFO  BF_MC Write LAG node at addr 0x221 with id 255 and next node 0x222 0x00ff_00222c00ff00221c
2024-10-31 15:12:37.137202 INFO  BF_MC Write LAG node at addr 0x222 with id 255 and next node 0x223 0x0000_00000000ff00223c
2024-10-31 15:12:37.137208 INFO  BF_MC Write LAG node at addr 0x223 with id 255 and next node 0x224 0x00ff_00224c00ff00223c
2024-10-31 15:12:37.137215 INFO  BF_MC Write LAG node at addr 0x224 with id 255 and next node 0x225 0x0000_00000000ff00225c
2024-10-31 15:12:37.137222 INFO  BF_MC Write LAG node at addr 0x225 with id 255 and next node 0x226 0x00ff_00226c00ff00225c
2024-10-31 15:12:37.137228 INFO  BF_MC Write LAG node at addr 0x226 with id 255 and next node 0x227 0x0000_00000000ff00227c
2024-10-31 15:12:37.137238 INFO  BF_MC Write LAG node at addr 0x227 with id 255 and next node 0x228 0x00ff_00228c00ff00227c
2024-10-31 15:12:37.137245 INFO  BF_MC Write LAG node at addr 0x228 with id 255 and next node 0x229 0x0000_00000000ff00229c
2024-10-31 15:12:37.137251 INFO  BF_MC Write LAG node at addr 0x229 with id 255 and next node 0x22a 0x00ff_0022ac00ff00229c
2024-10-31 15:12:37.137258 INFO  BF_MC Write LAG node at addr 0x22a with id 255 and next node 0x22b 0x0000_00000000ff0022bc
2024-10-31 15:12:37.137265 INFO  BF_MC Write LAG node at addr 0x22b with id 255 and next node 0x22c 0x00ff_0022cc00ff0022bc
2024-10-31 15:12:37.137271 INFO  BF_MC Write LAG node at addr 0x22c with id 255 and next node 0x22d 0x0000_00000000ff0022dc
2024-10-31 15:12:37.137278 INFO  BF_MC Write LAG node at addr 0x22d with id 255 and next node 0x22e 0x00ff_0022ec00ff0022dc
2024-10-31 15:12:37.137296 INFO  BF_MC Write LAG node at addr 0x22e with id 255 and next node 0x22f 0x0000_00000000ff0022fc
2024-10-31 15:12:37.137302 INFO  BF_MC Write LAG node at addr 0x22f with id 255 and next node 0x230 0x00ff_00230c00ff0022fc
2024-10-31 15:12:37.137309 INFO  BF_MC Write LAG node at addr 0x230 with id 255 and next node 0x231 0x0000_00000000ff00231c
2024-10-31 15:12:37.137315 INFO  BF_MC Write LAG node at addr 0x231 with id 255 and next node 0x232 0x00ff_00232c00ff00231c
2024-10-31 15:12:37.137321 INFO  BF_MC Write LAG node at addr 0x232 with id 255 and next node 0x233 0x0000_00000000ff00233c
2024-10-31 15:12:37.137328 INFO  BF_MC Write LAG node at addr 0x233 with id 255 and next node 0x234 0x00ff_00234c00ff00233c
2024-10-31 15:12:37.137334 INFO  BF_MC Write LAG node at addr 0x234 with id 255 and next node 0x235 0x0000_00000000ff00235c
2024-10-31 15:12:37.137340 INFO  BF_MC Write LAG node at addr 0x235 with id 255 and next node 0x236 0x00ff_00236c00ff00235c
2024-10-31 15:12:37.137347 INFO  BF_MC Write LAG node at addr 0x236 with id 255 and next node 0x237 0x0000_00000000ff00237c
2024-10-31 15:12:37.137353 INFO  BF_MC Write LAG node at addr 0x237 with id 255 and next node 0x238 0x00ff_00238c00ff00237c
2024-10-31 15:12:37.137371 INFO  BF_MC Write LAG node at addr 0x238 with id 255 and next node 0x239 0x0000_00000000ff00239c
2024-10-31 15:12:37.137377 INFO  BF_MC Write LAG node at addr 0x239 with id 255 and next node 0x23a 0x00ff_0023ac00ff00239c
2024-10-31 15:12:37.137395 INFO  BF_MC Write LAG node at addr 0x23a with id 255 and next node 0x23b 0x0000_00000000ff0023bc
2024-10-31 15:12:37.137402 INFO  BF_MC Write LAG node at addr 0x23b with id 255 and next node 0x23c 0x00ff_0023cc00ff0023bc
2024-10-31 15:12:37.137408 INFO  BF_MC Write LAG node at addr 0x23c with id 255 and next node 0x23d 0x0000_00000000ff0023dc
2024-10-31 15:12:37.137415 INFO  BF_MC Write LAG node at addr 0x23d with id 255 and next node 0x23e 0x00ff_0023ec00ff0023dc
2024-10-31 15:12:37.137421 INFO  BF_MC Write LAG node at addr 0x23e with id 255 and next node 0x23f 0x0000_00000000ff0023fc
2024-10-31 15:12:37.137427 INFO  BF_MC Write LAG node at addr 0x23f with id 255 and next node 0x240 0x00ff_00240c00ff0023fc
2024-10-31 15:12:37.137434 INFO  BF_MC Write LAG node at addr 0x240 with id 255 and next node 0x241 0x0000_00000000ff00241c
2024-10-31 15:12:37.137452 INFO  BF_MC Write LAG node at addr 0x241 with id 255 and next node 0x242 0x00ff_00242c00ff00241c
2024-10-31 15:12:37.137459 INFO  BF_MC Write LAG node at addr 0x242 with id 255 and next node 0x243 0x0000_00000000ff00243c
2024-10-31 15:12:37.137465 INFO  BF_MC Write LAG node at addr 0x243 with id 255 and next node 0x244 0x00ff_00244c00ff00243c
2024-10-31 15:12:37.137472 INFO  BF_MC Write LAG node at addr 0x244 with id 255 and next node 0x245 0x0000_00000000ff00245c
2024-10-31 15:12:37.137478 INFO  BF_MC Write LAG node at addr 0x245 with id 255 and next node 0x246 0x00ff_00246c00ff00245c
2024-10-31 15:12:37.137485 INFO  BF_MC Write LAG node at addr 0x246 with id 255 and next node 0x247 0x0000_00000000ff00247c
2024-10-31 15:12:37.137491 INFO  BF_MC Write LAG node at addr 0x247 with id 255 and next node 0x248 0x00ff_00248c00ff00247c
2024-10-31 15:12:37.137501 INFO  BF_MC Write LAG node at addr 0x248 with id 255 and next node 0x249 0x0000_00000000ff00249c
2024-10-31 15:12:37.137507 INFO  BF_MC Write LAG node at addr 0x249 with id 255 and next node 0x24a 0x00ff_0024ac00ff00249c
2024-10-31 15:12:37.137514 INFO  BF_MC Write LAG node at addr 0x24a with id 255 and next node 0x24b 0x0000_00000000ff0024bc
2024-10-31 15:12:37.137521 INFO  BF_MC Write LAG node at addr 0x24b with id 255 and next node 0x24c 0x00ff_0024cc00ff0024bc
2024-10-31 15:12:37.137529 INFO  BF_MC Write LAG node at addr 0x24c with id 255 and next node 0x24d 0x0000_00000000ff0024dc
2024-10-31 15:12:37.137539 INFO  BF_MC Write LAG node at addr 0x24d with id 255 and next node 0x24e 0x00ff_0024ec00ff0024dc
2024-10-31 15:12:37.137546 INFO  BF_MC Write LAG node at addr 0x24e with id 255 and next node 0x24f 0x0000_00000000ff0024fc
2024-10-31 15:12:37.137553 INFO  BF_MC Write LAG node at addr 0x24f with id 255 and next node 0x250 0x00ff_00250c00ff0024fc
2024-10-31 15:12:37.137559 INFO  BF_MC Write LAG node at addr 0x250 with id 255 and next node 0x251 0x0000_00000000ff00251c
2024-10-31 15:12:37.137566 INFO  BF_MC Write LAG node at addr 0x251 with id 255 and next node 0x252 0x00ff_00252c00ff00251c
2024-10-31 15:12:37.137572 INFO  BF_MC Write LAG node at addr 0x252 with id 255 and next node 0x253 0x0000_00000000ff00253c
2024-10-31 15:12:37.137579 INFO  BF_MC Write LAG node at addr 0x253 with id 255 and next node 0x254 0x00ff_00254c00ff00253c
2024-10-31 15:12:37.137586 INFO  BF_MC Write LAG node at addr 0x254 with id 255 and next node 0x255 0x0000_00000000ff00255c
2024-10-31 15:12:37.137592 INFO  BF_MC Write LAG node at addr 0x255 with id 255 and next node 0x256 0x00ff_00256c00ff00255c
2024-10-31 15:12:37.137599 INFO  BF_MC Write LAG node at addr 0x256 with id 255 and next node 0x257 0x0000_00000000ff00257c
2024-10-31 15:12:37.137605 INFO  BF_MC Write LAG node at addr 0x257 with id 255 and next node 0x258 0x00ff_00258c00ff00257c
2024-10-31 15:12:37.137612 INFO  BF_MC Write LAG node at addr 0x258 with id 255 and next node 0x259 0x0000_00000000ff00259c
2024-10-31 15:12:37.137618 INFO  BF_MC Write LAG node at addr 0x259 with id 255 and next node 0x25a 0x00ff_0025ac00ff00259c
2024-10-31 15:12:37.137625 INFO  BF_MC Write LAG node at addr 0x25a with id 255 and next node 0x25b 0x0000_00000000ff0025bc
2024-10-31 15:12:37.137631 INFO  BF_MC Write LAG node at addr 0x25b with id 255 and next node 0x25c 0x00ff_0025cc00ff0025bc
2024-10-31 15:12:37.137638 INFO  BF_MC Write LAG node at addr 0x25c with id 255 and next node 0x25d 0x0000_00000000ff0025dc
2024-10-31 15:12:37.137645 INFO  BF_MC Write LAG node at addr 0x25d with id 255 and next node 0x25e 0x00ff_0025ec00ff0025dc
2024-10-31 15:12:37.137651 INFO  BF_MC Write LAG node at addr 0x25e with id 255 and next node 0x25f 0x0000_00000000ff0025fc
2024-10-31 15:12:37.137658 INFO  BF_MC Write LAG node at addr 0x25f with id 255 and next node 0x260 0x00ff_00260c00ff0025fc
2024-10-31 15:12:37.137664 INFO  BF_MC Write LAG node at addr 0x260 with id 255 and next node 0x261 0x0000_00000000ff00261c
2024-10-31 15:12:37.137671 INFO  BF_MC Write LAG node at addr 0x261 with id 255 and next node 0x262 0x00ff_00262c00ff00261c
2024-10-31 15:12:37.137677 INFO  BF_MC Write LAG node at addr 0x262 with id 255 and next node 0x263 0x0000_00000000ff00263c
2024-10-31 15:12:37.137684 INFO  BF_MC Write LAG node at addr 0x263 with id 255 and next node 0x264 0x00ff_00264c00ff00263c
2024-10-31 15:12:37.137702 INFO  BF_MC Write LAG node at addr 0x264 with id 255 and next node 0x265 0x0000_00000000ff00265c
2024-10-31 15:12:37.137709 INFO  BF_MC Write LAG node at addr 0x265 with id 255 and next node 0x266 0x00ff_00266c00ff00265c
2024-10-31 15:12:37.137715 INFO  BF_MC Write LAG node at addr 0x266 with id 255 and next node 0x267 0x0000_00000000ff00267c
2024-10-31 15:12:37.137722 INFO  BF_MC Write LAG node at addr 0x267 with id 255 and next node 0x268 0x00ff_00268c00ff00267c
2024-10-31 15:12:37.137728 INFO  BF_MC Write LAG node at addr 0x268 with id 255 and next node 0x269 0x0000_00000000ff00269c
2024-10-31 15:12:37.137738 INFO  BF_MC Write LAG node at addr 0x269 with id 255 and next node 0x26a 0x00ff_0026ac00ff00269c
2024-10-31 15:12:37.137756 INFO  BF_MC Write LAG node at addr 0x26a with id 255 and next node 0x26b 0x0000_00000000ff0026bc
2024-10-31 15:12:37.137762 INFO  BF_MC Write LAG node at addr 0x26b with id 255 and next node 0x26c 0x00ff_0026cc00ff0026bc
2024-10-31 15:12:37.137768 INFO  BF_MC Write LAG node at addr 0x26c with id 255 and next node 0x26d 0x0000_00000000ff0026dc
2024-10-31 15:12:37.137786 INFO  BF_MC Write LAG node at addr 0x26d with id 255 and next node 0x26e 0x00ff_0026ec00ff0026dc
2024-10-31 15:12:37.137792 INFO  BF_MC Write LAG node at addr 0x26e with id 255 and next node 0x26f 0x0000_00000000ff0026fc
2024-10-31 15:12:37.137799 INFO  BF_MC Write LAG node at addr 0x26f with id 255 and next node 0x270 0x00ff_00270c00ff0026fc
2024-10-31 15:12:37.137805 INFO  BF_MC Write LAG node at addr 0x270 with id 255 and next node 0x271 0x0000_00000000ff00271c
2024-10-31 15:12:37.137811 INFO  BF_MC Write LAG node at addr 0x271 with id 255 and next node 0x272 0x00ff_00272c00ff00271c
2024-10-31 15:12:37.137818 INFO  BF_MC Write LAG node at addr 0x272 with id 255 and next node 0x273 0x0000_00000000ff00273c
2024-10-31 15:12:37.137836 INFO  BF_MC Write LAG node at addr 0x273 with id 255 and next node 0x274 0x00ff_00274c00ff00273c
2024-10-31 15:12:37.137842 INFO  BF_MC Write LAG node at addr 0x274 with id 255 and next node 0x275 0x0000_00000000ff00275c
2024-10-31 15:12:37.137849 INFO  BF_MC Write LAG node at addr 0x275 with id 255 and next node 0x276 0x00ff_00276c00ff00275c
2024-10-31 15:12:37.137855 INFO  BF_MC Write LAG node at addr 0x276 with id 255 and next node 0x277 0x0000_00000000ff00277c
2024-10-31 15:12:37.137862 INFO  BF_MC Write LAG node at addr 0x277 with id 255 and next node 0x278 0x00ff_00278c00ff00277c
2024-10-31 15:12:37.137868 INFO  BF_MC Write LAG node at addr 0x278 with id 255 and next node 0x279 0x0000_00000000ff00279c
2024-10-31 15:12:37.137875 INFO  BF_MC Write LAG node at addr 0x279 with id 255 and next node 0x27a 0x00ff_0027ac00ff00279c
2024-10-31 15:12:37.137882 INFO  BF_MC Write LAG node at addr 0x27a with id 255 and next node 0x27b 0x0000_00000000ff0027bc
2024-10-31 15:12:37.137893 INFO  BF_MC Write LAG node at addr 0x27b with id 255 and next node 0x27c 0x00ff_0027cc00ff0027bc
2024-10-31 15:12:37.137900 INFO  BF_MC Write LAG node at addr 0x27c with id 255 and next node 0x27d 0x0000_00000000ff0027dc
2024-10-31 15:12:37.137907 INFO  BF_MC Write LAG node at addr 0x27d with id 255 and next node 0x27e 0x00ff_0027ec00ff0027dc
2024-10-31 15:12:37.137913 INFO  BF_MC Write LAG node at addr 0x27e with id 255 and next node 0x27f 0x0000_00000000ff0027fc
2024-10-31 15:12:37.137920 INFO  BF_MC Write LAG node at addr 0x27f with id 255 and next node 0x280 0x00ff_00280c00ff0027fc
2024-10-31 15:12:37.137927 INFO  BF_MC Write LAG node at addr 0x280 with id 255 and next node 0x281 0x0000_00000000ff00281c
2024-10-31 15:12:37.137934 INFO  BF_MC Write LAG node at addr 0x281 with id 255 and next node 0x282 0x00ff_00282c00ff00281c
